<?xml version="1.0" encoding="utf-8" standalone="no"?>
<!DOCTYPE svg PUBLIC "-//W3C//DTD SVG 1.1//EN"
  "http://www.w3.org/Graphics/SVG/1.1/DTD/svg11.dtd">
<!-- Created with matplotlib (https://matplotlib.org/) -->
<svg height="216pt" version="1.1" viewBox="0 0 576 216" width="576pt" xmlns="http://www.w3.org/2000/svg" xmlns:xlink="http://www.w3.org/1999/xlink">
 <metadata>
  <rdf:RDF xmlns:cc="http://creativecommons.org/ns#" xmlns:dc="http://purl.org/dc/elements/1.1/" xmlns:rdf="http://www.w3.org/1999/02/22-rdf-syntax-ns#">
   <cc:Work>
    <dc:type rdf:resource="http://purl.org/dc/dcmitype/StillImage"/>
    <dc:date>2021-04-23T10:09:15.269390</dc:date>
    <dc:format>image/svg+xml</dc:format>
    <dc:creator>
     <cc:Agent>
      <dc:title>Matplotlib v3.3.4, https://matplotlib.org/</dc:title>
     </cc:Agent>
    </dc:creator>
   </cc:Work>
  </rdf:RDF>
 </metadata>
 <defs>
  <style type="text/css">*{stroke-linecap:butt;stroke-linejoin:round;}</style>
 </defs>
 <g id="figure_1">
  <g id="patch_1">
   <path d="M 0 216 
L 576 216 
L 576 0 
L 0 0 
z
" style="fill:#ffffff;"/>
  </g>
  <g id="axes_1">
   <g id="patch_2">
    <path d="M 541.8 124.2 
C 541.8 116.399663 540.263504 108.675175 537.278444 101.468604 
C 534.293385 94.262033 529.917814 87.713528 524.402143 82.197857 
C 518.886472 76.682186 512.337967 72.306615 505.131396 69.321556 
C 497.924825 66.336496 490.200337 64.8 482.4 64.8 
C 474.599663 64.8 466.875175 66.336496 459.668604 69.321556 
C 452.462033 72.306615 445.913528 76.682186 440.397857 82.197857 
C 434.882186 87.713528 430.506615 94.262033 427.521556 101.468604 
C 424.536496 108.675175 423 116.399663 423 124.2 
C 423 132.000337 424.536496 139.724825 427.521556 146.931396 
C 430.506615 154.137967 434.882186 160.686472 440.397857 166.202143 
C 445.913528 171.717814 452.462033 176.093385 459.668604 179.078444 
C 466.875175 182.063504 474.599663 183.6 482.4 183.6 
C 490.200337 183.6 497.924825 182.063504 505.131396 179.078444 
C 512.337967 176.093385 518.886472 171.717814 524.402143 166.202143 
C 529.917814 160.686472 534.293385 154.137967 537.278444 146.931396 
C 540.263504 139.724825 541.8 132.000337 541.8 124.2 
M 482.4 124.2 
C 482.4 124.2 482.4 124.2 482.4 124.2 
C 482.4 124.2 482.4 124.2 482.4 124.2 
C 482.4 124.2 482.4 124.2 482.4 124.2 
C 482.4 124.2 482.4 124.2 482.4 124.2 
C 482.4 124.2 482.4 124.2 482.4 124.2 
C 482.4 124.2 482.4 124.2 482.4 124.2 
C 482.4 124.2 482.4 124.2 482.4 124.2 
C 482.4 124.2 482.4 124.2 482.4 124.2 
C 482.4 124.2 482.4 124.2 482.4 124.2 
C 482.4 124.2 482.4 124.2 482.4 124.2 
C 482.4 124.2 482.4 124.2 482.4 124.2 
C 482.4 124.2 482.4 124.2 482.4 124.2 
C 482.4 124.2 482.4 124.2 482.4 124.2 
C 482.4 124.2 482.4 124.2 482.4 124.2 
C 482.4 124.2 482.4 124.2 482.4 124.2 
C 482.4 124.2 482.4 124.2 482.4 124.2 
M 541.8 124.2 
z
" style="fill:#ffffff;"/>
   </g>
   <g id="patch_3">
    <path clip-path="url(#p1887bf0e00)" d="M 482.4 124.2 
C 482.4 124.2 482.4 124.2 482.4 124.2 
C 482.4 124.2 482.4 124.2 482.4 124.2 
L 475.144287 104.265092 
C 476.304788 103.842704 477.49996 103.522459 478.716178 103.308007 
C 479.932396 103.093555 481.16502 102.985714 482.4 102.985714 
z
" style="fill:#cccccc;"/>
   </g>
   <g id="patch_4">
    <path clip-path="url(#p1887bf0e00)" d="M 482.4 124.2 
C 482.4 124.2 482.4 124.2 482.4 124.2 
C 482.4 124.2 482.4 124.2 482.4 124.2 
L 474.60784 114.913665 
C 475.14844 114.460048 475.727619 114.054503 476.338776 113.701651 
C 476.949932 113.3488 477.590735 113.049989 478.253878 112.808624 
z
" style="fill:#cccccc;"/>
   </g>
   <g id="patch_5">
    <path clip-path="url(#p1887bf0e00)" d="M 482.4 124.2 
C 482.4 124.2 482.4 124.2 482.4 124.2 
C 482.4 124.2 482.4 124.2 482.4 124.2 
L 448.280366 104.50102 
C 449.427133 102.514762 450.745157 100.632429 452.219412 98.87548 
C 453.693668 97.118531 455.318531 95.493668 457.07548 94.019412 
z
" style="fill:#cccccc;"/>
   </g>
   <g id="patch_6">
    <path clip-path="url(#p1887bf0e00)" d="M 482.4 124.2 
C 482.4 124.2 482.4 124.2 482.4 124.2 
C 482.4 124.2 482.4 124.2 482.4 124.2 
L 476.430859 123.147479 
C 476.492131 122.799989 476.58363 122.458511 476.704312 122.126939 
C 476.824994 121.795367 476.9744 121.474966 477.150826 121.169388 
z
" style="fill:#cccccc;"/>
   </g>
   <g id="patch_7">
    <path clip-path="url(#p1887bf0e00)" d="M 482.4 124.2 
C 482.4 124.2 482.4 124.2 482.4 124.2 
C 482.4 124.2 482.4 124.2 482.4 124.2 
L 461.508007 127.883822 
C 461.293555 126.667604 461.185714 125.43498 461.185714 124.2 
C 461.185714 122.96502 461.293555 121.732396 461.508007 120.516178 
z
" style="fill:#cccccc;"/>
   </g>
   <g id="patch_8">
    <path clip-path="url(#p1887bf0e00)" d="M 482.4 124.2 
C 482.4 124.2 482.4 124.2 482.4 124.2 
C 482.4 124.2 482.4 124.2 482.4 124.2 
L 469.277064 131.776531 
C 468.836 131.012585 468.462486 130.211582 468.16078 129.382652 
C 467.859074 128.553723 467.630328 127.700028 467.477148 126.831301 
z
" style="fill:#cccccc;"/>
   </g>
   <g id="patch_9">
    <path clip-path="url(#p1887bf0e00)" d="M 482.4 124.2 
C 482.4 124.2 482.4 124.2 482.4 124.2 
C 482.4 124.2 482.4 124.2 482.4 124.2 
L 462.9196 147.415837 
C 461.568101 146.281794 460.318206 145.031899 459.184163 143.6804 
C 458.050121 142.328901 457.036257 140.880953 456.154128 139.353061 
z
" style="fill:#cccccc;"/>
   </g>
   <g id="patch_10">
    <path clip-path="url(#p1887bf0e00)" d="M 482.4 124.2 
C 482.4 124.2 482.4 124.2 482.4 124.2 
C 482.4 124.2 482.4 124.2 482.4 124.2 
L 481.36347 127.047844 
C 481.197684 126.987503 481.037483 126.9128 480.884694 126.824587 
C 480.731905 126.736374 480.58711 126.634988 480.45196 126.521584 
z
" style="fill:#cccccc;"/>
   </g>
   <g id="patch_11">
    <path clip-path="url(#p1887bf0e00)" d="M 482.4 124.2 
C 482.4 124.2 482.4 124.2 482.4 124.2 
C 482.4 124.2 482.4 124.2 482.4 124.2 
L 482.4 142.383673 
C 481.341446 142.383673 480.284911 142.291239 479.242438 142.107423 
C 478.199966 141.923607 477.175533 141.649111 476.180817 141.287064 
z
" style="fill:#cccccc;"/>
   </g>
   <g id="patch_12">
    <path clip-path="url(#p1887bf0e00)" d="M 482.4 124.2 
C 482.4 124.2 482.4 124.2 482.4 124.2 
C 482.4 124.2 482.4 124.2 482.4 124.2 
L 483.43653 127.047844 
C 483.270745 127.108185 483.100006 127.153934 482.92626 127.18457 
C 482.752515 127.215206 482.576426 127.230612 482.4 127.230612 
z
" style="fill:#cccccc;"/>
   </g>
   <g id="patch_13">
    <path clip-path="url(#p1887bf0e00)" d="M 482.4 124.2 
C 482.4 124.2 482.4 124.2 482.4 124.2 
C 482.4 124.2 482.4 124.2 482.4 124.2 
L 484.34804 126.521584 
C 484.21289 126.634988 484.068095 126.736374 483.915306 126.824587 
C 483.762517 126.9128 483.602316 126.987503 483.43653 127.047844 
z
" style="fill:#cccccc;"/>
   </g>
   <g id="patch_14">
    <path clip-path="url(#p1887bf0e00)" d="M 482.4 124.2 
C 482.4 124.2 482.4 124.2 482.4 124.2 
C 482.4 124.2 482.4 124.2 482.4 124.2 
L 506.021285 137.837755 
C 505.227369 139.212857 504.314891 140.516011 503.294253 141.73236 
C 502.273615 142.948709 501.148709 144.073615 499.93236 145.094253 
z
" style="fill:#cccccc;"/>
   </g>
   <g id="patch_15">
    <path clip-path="url(#p1887bf0e00)" d="M 482.4 124.2 
C 482.4 124.2 482.4 124.2 482.4 124.2 
C 482.4 124.2 482.4 124.2 482.4 124.2 
L 515.230275 129.988863 
C 514.893279 131.900062 514.390036 133.77819 513.726284 135.601835 
C 513.062531 137.42548 512.2408 139.187687 511.270459 140.868367 
z
" style="fill:#cccccc;"/>
   </g>
   <g id="patch_16">
    <path clip-path="url(#p1887bf0e00)" d="M 482.4 124.2 
C 482.4 124.2 482.4 124.2 482.4 124.2 
C 482.4 124.2 482.4 124.2 482.4 124.2 
L 515.230275 118.411137 
C 515.567271 120.322336 515.736735 122.259317 515.736735 124.2 
C 515.736735 126.140683 515.567271 128.077664 515.230275 129.988863 
z
" style="fill:#cccccc;"/>
   </g>
   <g id="patch_17">
    <path clip-path="url(#p1887bf0e00)" d="M 482.4 124.2 
C 482.4 124.2 482.4 124.2 482.4 124.2 
C 482.4 124.2 482.4 124.2 482.4 124.2 
L 487.649174 121.169388 
C 487.8256 121.474966 487.975006 121.795367 488.095688 122.126939 
C 488.21637 122.458511 488.307869 122.799989 488.369141 123.147479 
z
" style="fill:#cccccc;"/>
   </g>
   <g id="patch_18">
    <path clip-path="url(#p1887bf0e00)" d="M 482.4 124.2 
C 482.4 124.2 482.4 124.2 482.4 124.2 
C 482.4 124.2 482.4 124.2 482.4 124.2 
L 490.19216 114.913665 
C 490.73276 115.367282 491.232718 115.86724 491.686335 116.40784 
C 492.139952 116.94844 492.545497 117.527619 492.898349 118.138776 
z
" style="fill:#cccccc;"/>
   </g>
   <g id="patch_19">
    <path clip-path="url(#p1887bf0e00)" d="M 482.4 124.2 
C 482.4 124.2 482.4 124.2 482.4 124.2 
C 482.4 124.2 482.4 124.2 482.4 124.2 
L 483.43653 121.352156 
C 483.602316 121.412497 483.762517 121.4872 483.915306 121.575413 
C 484.068095 121.663626 484.21289 121.765012 484.34804 121.878416 
z
" style="fill:#cccccc;"/>
   </g>
   <g id="patch_20">
    <path clip-path="url(#p1887bf0e00)" d="M 482.4 124.2 
C 482.4 124.2 482.4 124.2 482.4 124.2 
C 482.4 124.2 482.4 124.2 482.4 124.2 
L 482.4 115.108163 
C 482.929277 115.108163 483.457545 115.154381 483.978781 115.246289 
C 484.500017 115.338197 485.012234 115.475445 485.509591 115.656468 
z
" style="fill:#cccccc;"/>
   </g>
   <g id="matplotlib.axis_1">
    <g id="xtick_1">
     <g id="line2d_1">
      <path clip-path="url(#p1887bf0e00)" d="M 482.4 124.2 
L 482.4 64.8 
" style="fill:none;stroke:#b0b0b0;stroke-linecap:square;stroke-width:0.8;"/>
     </g>
     <g id="text_1">
      <!-- $0$ -->
      <g transform="translate(480.48 52.455625)">
       <text>
        <tspan style="font-family:DejaVu Sans;font-size:6px;font-style:book;font-weight:book;" x="0" y="-0.546875">0</tspan>
       </text>
      </g>
     </g>
    </g>
    <g id="xtick_2">
     <g id="line2d_2">
      <path clip-path="url(#p1887bf0e00)" d="M 482.4 124.2 
L 423 124.2 
" style="fill:none;stroke:#b0b0b0;stroke-linecap:square;stroke-width:0.8;"/>
     </g>
     <g id="text_2">
      <!-- $\pi/2$ -->
      <g transform="translate(404.38 125.855625)">
       <text>
        <tspan style="font-family:DejaVu Sans;font-size:6px;font-style:oblique;font-weight:oblique;" x="0" y="-0.546875">π</tspan>
        <tspan style="font-family:DejaVu Sans;font-size:6px;font-style:book;font-weight:book;" x="3.612305 5.383789" y="-0.546875">/2</tspan>
       </text>
      </g>
     </g>
    </g>
    <g id="xtick_3">
     <g id="line2d_3">
      <path clip-path="url(#p1887bf0e00)" d="M 482.4 124.2 
L 482.4 183.6 
" style="fill:none;stroke:#b0b0b0;stroke-linecap:square;stroke-width:0.8;"/>
     </g>
     <g id="text_3">
      <!-- $\pi$ -->
      <g transform="translate(480.57 199.255625)">
       <text>
        <tspan style="font-family:DejaVu Sans;font-size:6px;font-style:oblique;font-weight:oblique;" x="0" y="-0.71875">π</tspan>
       </text>
      </g>
     </g>
    </g>
    <g id="xtick_4">
     <g id="line2d_4">
      <path clip-path="url(#p1887bf0e00)" d="M 482.4 124.2 
L 541.8 124.2 
" style="fill:none;stroke:#b0b0b0;stroke-linecap:square;stroke-width:0.8;"/>
     </g>
     <g id="text_4">
      <!-- $3\pi/2$ -->
      <g transform="translate(549.26 125.855625)">
       <text>
        <tspan style="font-family:DejaVu Sans;font-size:6px;font-style:book;font-weight:book;" x="0 7.429688 9.201172" y="-0.546875">3/2</tspan>
        <tspan style="font-family:DejaVu Sans;font-size:6px;font-style:oblique;font-weight:oblique;" x="3.817383" y="-0.546875">π</tspan>
       </text>
      </g>
     </g>
    </g>
    <g id="xtick_5">
     <g id="line2d_5">
      <path clip-path="url(#p1887bf0e00)" d="M 482.4 124.2 
L 482.4 64.8 
" style="fill:none;stroke:#b0b0b0;stroke-linecap:square;stroke-width:0.8;"/>
     </g>
     <g id="text_5">
      <!-- $0$ -->
      <g transform="translate(480.48 52.455625)">
       <text>
        <tspan style="font-family:DejaVu Sans;font-size:6px;font-style:book;font-weight:book;" x="0" y="-0.546875">0</tspan>
       </text>
      </g>
     </g>
    </g>
   </g>
   <g id="matplotlib.axis_2">
    <g id="ytick_1">
     <g id="line2d_6">
      <path clip-path="url(#p1887bf0e00)" d="M 482.4 124.2 
C 482.4 124.2 482.4 124.2 482.4 124.2 
C 482.4 124.2 482.4 124.2 482.4 124.2 
C 482.4 124.2 482.4 124.2 482.4 124.2 
C 482.4 124.2 482.4 124.2 482.4 124.2 
C 482.4 124.2 482.4 124.2 482.4 124.2 
C 482.4 124.2 482.4 124.2 482.4 124.2 
C 482.4 124.2 482.4 124.2 482.4 124.2 
C 482.4 124.2 482.4 124.2 482.4 124.2 
C 482.4 124.2 482.4 124.2 482.4 124.2 
C 482.4 124.2 482.4 124.2 482.4 124.2 
C 482.4 124.2 482.4 124.2 482.4 124.2 
C 482.4 124.2 482.4 124.2 482.4 124.2 
C 482.4 124.2 482.4 124.2 482.4 124.2 
C 482.4 124.2 482.4 124.2 482.4 124.2 
C 482.4 124.2 482.4 124.2 482.4 124.2 
C 482.4 124.2 482.4 124.2 482.4 124.2 
" style="fill:none;stroke:#b0b0b0;stroke-linecap:square;stroke-width:0.8;"/>
     </g>
     <g id="text_6">
      <text style="font-family:DejaVu Sans;font-size:6px;font-stretch:normal;font-style:normal;font-weight:normal;text-anchor:start;" transform="rotate(-0, 482.4, 122.952188)" x="482.4" y="122.952188">0.0</text>
     </g>
    </g>
    <g id="ytick_2">
     <g id="line2d_7">
      <path clip-path="url(#p1887bf0e00)" d="M 482.4 94.5 
C 478.499832 94.5 474.637588 95.268248 471.034302 96.760778 
C 467.431016 98.253308 464.156764 100.441093 461.398929 103.198929 
C 458.641093 105.956764 456.453308 109.231016 454.960778 112.834302 
C 453.468248 116.437588 452.7 120.299832 452.7 124.2 
C 452.7 128.100168 453.468248 131.962412 454.960778 135.565698 
C 456.453308 139.168984 458.641093 142.443236 461.398929 145.201071 
C 464.156764 147.958907 467.431016 150.146692 471.034302 151.639222 
C 474.637588 153.131752 478.499832 153.9 482.4 153.9 
C 486.300168 153.9 490.162412 153.131752 493.765698 151.639222 
C 497.368984 150.146692 500.643236 147.958907 503.401071 145.201071 
C 506.158907 142.443236 508.346692 139.168984 509.839222 135.565698 
C 511.331752 131.962412 512.1 128.100168 512.1 124.2 
C 512.1 120.299832 511.331752 116.437588 509.839222 112.834302 
C 508.346692 109.231016 506.158907 105.956764 503.401071 103.198929 
C 500.643236 100.441093 497.368984 98.253308 493.765698 96.760778 
C 490.162412 95.268248 486.300168 94.5 482.4 94.5 
" style="fill:none;stroke:#b0b0b0;stroke-linecap:square;stroke-width:0.8;"/>
     </g>
     <g id="text_7">
      <text style="font-family:DejaVu Sans;font-size:6px;font-stretch:normal;font-style:normal;font-weight:normal;text-anchor:start;" transform="rotate(-0, 471.034302, 95.512965)" x="471.034302" y="95.512965">0.1</text>
     </g>
    </g>
   </g>
   <g id="patch_21">
    <path d="M 482.4 64.8 
C 474.599663 64.8 466.875175 66.336496 459.668604 69.321556 
C 452.462033 72.306615 445.913528 76.682186 440.397857 82.197857 
C 434.882186 87.713528 430.506615 94.262033 427.521556 101.468604 
C 424.536496 108.675175 423 116.399663 423 124.2 
C 423 132.000337 424.536496 139.724825 427.521556 146.931396 
C 430.506615 154.137967 434.882186 160.686472 440.397857 166.202143 
C 445.913528 171.717814 452.462033 176.093385 459.668604 179.078444 
C 466.875175 182.063504 474.599663 183.6 482.4 183.6 
C 490.200337 183.6 497.924825 182.063504 505.131396 179.078444 
C 512.337967 176.093385 518.886472 171.717814 524.402143 166.202143 
C 529.917814 160.686472 534.293385 154.137967 537.278444 146.931396 
C 540.263504 139.724825 541.8 132.000337 541.8 124.2 
C 541.8 116.399663 540.263504 108.675175 537.278444 101.468604 
C 534.293385 94.262033 529.917814 87.713528 524.402143 82.197857 
C 518.886472 76.682186 512.337967 72.306615 505.131396 69.321556 
C 497.924825 66.336496 490.200337 64.8 482.4 64.8 
" style="fill:none;stroke:#000000;stroke-linecap:square;stroke-linejoin:miter;stroke-width:0.25;"/>
   </g>
   <g id="text_8">
    <text style="font-family:DejaVu Sans;font-size:6px;font-stretch:normal;font-style:normal;font-weight:normal;text-anchor:start;" transform="rotate(-0, 423, 41.896563)" x="423" y="41.896563">Li, n=98 cells</text>
   </g>
  </g>
  <g id="axes_2">
   <g id="patch_22">
    <path d="M 347.4 124.2 
C 347.4 116.399663 345.863504 108.675175 342.878444 101.468604 
C 339.893385 94.262033 335.517814 87.713528 330.002143 82.197857 
C 324.486472 76.682186 317.937967 72.306615 310.731396 69.321556 
C 303.524825 66.336496 295.800337 64.8 288 64.8 
C 280.199663 64.8 272.475175 66.336496 265.268604 69.321556 
C 258.062033 72.306615 251.513528 76.682186 245.997857 82.197857 
C 240.482186 87.713528 236.106615 94.262033 233.121556 101.468604 
C 230.136496 108.675175 228.6 116.399663 228.6 124.2 
C 228.6 132.000337 230.136496 139.724825 233.121556 146.931396 
C 236.106615 154.137967 240.482186 160.686472 245.997857 166.202143 
C 251.513528 171.717814 258.062033 176.093385 265.268604 179.078444 
C 272.475175 182.063504 280.199663 183.6 288 183.6 
C 295.800337 183.6 303.524825 182.063504 310.731396 179.078444 
C 317.937967 176.093385 324.486472 171.717814 330.002143 166.202143 
C 335.517814 160.686472 339.893385 154.137967 342.878444 146.931396 
C 345.863504 139.724825 347.4 132.000337 347.4 124.2 
M 288 124.2 
C 288 124.2 288 124.2 288 124.2 
C 288 124.2 288 124.2 288 124.2 
C 288 124.2 288 124.2 288 124.2 
C 288 124.2 288 124.2 288 124.2 
C 288 124.2 288 124.2 288 124.2 
C 288 124.2 288 124.2 288 124.2 
C 288 124.2 288 124.2 288 124.2 
C 288 124.2 288 124.2 288 124.2 
C 288 124.2 288 124.2 288 124.2 
C 288 124.2 288 124.2 288 124.2 
C 288 124.2 288 124.2 288 124.2 
C 288 124.2 288 124.2 288 124.2 
C 288 124.2 288 124.2 288 124.2 
C 288 124.2 288 124.2 288 124.2 
C 288 124.2 288 124.2 288 124.2 
C 288 124.2 288 124.2 288 124.2 
M 347.4 124.2 
z
" style="fill:#ffffff;"/>
   </g>
   <g id="patch_23">
    <path clip-path="url(#pa8ed8bad2b)" d="M 288 124.2 
C 288 124.2 288 124.2 288 124.2 
C 288 124.2 288 124.2 288 124.2 
L 276.559251 92.766801 
C 278.38912 92.100783 280.273657 91.595823 282.19138 91.257676 
C 284.109102 90.91953 286.052694 90.749488 288 90.749488 
z
" style="fill:#cccccc;"/>
   </g>
   <g id="patch_24">
    <path clip-path="url(#pa8ed8bad2b)" d="M 288 124.2 
C 288 124.2 288 124.2 288 124.2 
C 288 124.2 288 124.2 288 124.2 
L 278.87812 113.328967 
C 279.510972 112.797941 280.188987 112.323189 280.904437 111.910124 
C 281.619886 111.497059 282.370041 111.147256 283.146349 110.864703 
z
" style="fill:#cccccc;"/>
   </g>
   <g id="patch_25">
    <path clip-path="url(#pa8ed8bad2b)" d="M 288 124.2 
C 288 124.2 288 124.2 288 124.2 
C 288 124.2 288 124.2 288 124.2 
L 275.710124 117.104437 
C 276.123189 116.388987 276.597941 115.710972 277.128967 115.07812 
C 277.659993 114.445268 278.245268 113.859993 278.87812 113.328967 
z
" style="fill:#cccccc;"/>
   </g>
   <g id="patch_26">
    <path clip-path="url(#pa8ed8bad2b)" d="M 288 124.2 
C 288 124.2 288 124.2 288 124.2 
C 288 124.2 288 124.2 288 124.2 
L 282.010487 123.143887 
C 282.071968 122.79521 282.163779 122.452567 282.284873 122.119864 
C 282.405967 121.78716 282.555883 121.465666 282.73291 121.159044 
z
" style="fill:#cccccc;"/>
   </g>
   <g id="patch_27">
    <path clip-path="url(#pa8ed8bad2b)" d="M 288 124.2 
C 288 124.2 288 124.2 288 124.2 
C 288 124.2 288 124.2 288 124.2 
L 257.054181 129.656583 
C 256.736529 127.855086 256.576792 126.029288 256.576792 124.2 
C 256.576792 122.370712 256.736529 120.544914 257.054181 118.743417 
z
" style="fill:#cccccc;"/>
   </g>
   <g id="patch_28">
    <path clip-path="url(#pa8ed8bad2b)" d="M 288 124.2 
C 288 124.2 288 124.2 288 124.2 
C 288 124.2 288 124.2 288 124.2 
L 275.710124 131.295563 
C 275.297059 130.580114 274.947256 129.829959 274.664703 129.053651 
C 274.38215 128.277343 274.167925 127.477842 274.024469 126.664263 
z
" style="fill:#cccccc;"/>
   </g>
   <g id="patch_29">
    <path clip-path="url(#pa8ed8bad2b)" d="M 288 124.2 
C 288 124.2 288 124.2 288 124.2 
C 288 124.2 288 124.2 288 124.2 
L 275.620306 138.953545 
C 274.761435 138.232867 273.967133 137.438565 273.246455 136.579694 
C 272.525776 135.720824 271.881471 134.80066 271.320883 133.829693 
z
" style="fill:#cccccc;"/>
   </g>
   <g id="patch_30">
    <path clip-path="url(#pa8ed8bad2b)" d="M 288 124.2 
C 288 124.2 288 124.2 288 124.2 
C 288 124.2 288 124.2 288 124.2 
L 284.879796 132.772691 
C 284.380741 132.591049 283.898498 132.366176 283.438567 132.100634 
C 282.978635 131.835093 282.542768 131.529895 282.135934 131.188521 
z
" style="fill:#cccccc;"/>
   </g>
   <g id="patch_31">
    <path clip-path="url(#pa8ed8bad2b)" d="M 288 124.2 
C 288 124.2 288 124.2 288 124.2 
C 288 124.2 288 124.2 288 124.2 
L 288 148.527645 
C 286.583777 148.527645 285.170256 148.403978 283.775549 148.158053 
C 282.380842 147.912129 281.010269 147.544885 279.679455 147.060509 
z
" style="fill:#cccccc;"/>
   </g>
   <g id="patch_32">
    <path clip-path="url(#pa8ed8bad2b)" d="M 288 124.2 
C 288 124.2 288 124.2 288 124.2 
C 288 124.2 288 124.2 288 124.2 
L 292.853651 137.535297 
C 292.077343 137.81785 291.277842 138.032075 290.464263 138.175531 
C 289.650684 138.318987 288.82613 138.391126 288 138.391126 
z
" style="fill:#cccccc;"/>
   </g>
   <g id="patch_33">
    <path clip-path="url(#pa8ed8bad2b)" d="M 288 124.2 
C 288 124.2 288 124.2 288 124.2 
C 288 124.2 288 124.2 288 124.2 
L 295.818754 133.518029 
C 295.27631 133.973194 294.695154 134.380124 294.081911 134.734179 
C 293.468669 135.088235 292.825679 135.388066 292.160272 135.630254 
z
" style="fill:#cccccc;"/>
   </g>
   <g id="patch_34">
    <path clip-path="url(#pa8ed8bad2b)" d="M 288 124.2 
C 288 124.2 288 124.2 288 124.2 
C 288 124.2 288 124.2 288 124.2 
L 297.656331 129.775085 
C 297.33178 130.337224 296.958761 130.869951 296.541526 131.367192 
C 296.124292 131.864433 295.664433 132.324292 295.167192 132.741526 
z
" style="fill:#cccccc;"/>
   </g>
   <g id="patch_35">
    <path clip-path="url(#pa8ed8bad2b)" d="M 288 124.2 
C 288 124.2 288 124.2 288 124.2 
C 288 124.2 288 124.2 288 124.2 
L 296.98427 125.784169 
C 296.892048 126.307184 296.754332 126.821149 296.572691 127.320204 
C 296.391049 127.819259 296.166176 128.301502 295.900634 128.761433 
z
" style="fill:#cccccc;"/>
   </g>
   <g id="patch_36">
    <path clip-path="url(#pa8ed8bad2b)" d="M 288 124.2 
C 288 124.2 288 124.2 288 124.2 
C 288 124.2 288 124.2 288 124.2 
L 327.930089 117.159248 
C 328.339963 119.48376 328.546075 121.839629 328.546075 124.2 
C 328.546075 126.560371 328.339963 128.91624 327.930089 131.240752 
z
" style="fill:#cccccc;"/>
   </g>
   <g id="patch_37">
    <path clip-path="url(#pa8ed8bad2b)" d="M 288 124.2 
C 288 124.2 288 124.2 288 124.2 
C 288 124.2 288 124.2 288 124.2 
L 295.900634 119.638567 
C 296.166176 120.098498 296.391049 120.580741 296.572691 121.079796 
C 296.754332 121.578851 296.892048 122.092816 296.98427 122.615831 
z
" style="fill:#cccccc;"/>
   </g>
   <g id="patch_38">
    <path clip-path="url(#pa8ed8bad2b)" d="M 288 124.2 
C 288 124.2 288 124.2 288 124.2 
C 288 124.2 288 124.2 288 124.2 
L 297.12188 113.328967 
C 297.754732 113.859993 298.340007 114.445268 298.871033 115.07812 
C 299.402059 115.710972 299.876811 116.388987 300.289876 117.104437 
z
" style="fill:#cccccc;"/>
   </g>
   <g id="patch_39">
    <path clip-path="url(#pa8ed8bad2b)" d="M 288 124.2 
C 288 124.2 288 124.2 288 124.2 
C 288 124.2 288 124.2 288 124.2 
L 289.386757 120.389915 
C 289.60856 120.470645 289.82289 120.570588 290.027304 120.688607 
C 290.231718 120.806625 290.425437 120.942269 290.606251 121.09399 
z
" style="fill:#cccccc;"/>
   </g>
   <g id="patch_40">
    <path clip-path="url(#pa8ed8bad2b)" d="M 288 124.2 
C 288 124.2 288 124.2 288 124.2 
C 288 124.2 288 124.2 288 124.2 
L 288 107.98157 
C 288.944148 107.98157 289.886496 108.064015 290.816301 108.227964 
C 291.746105 108.391914 292.65982 108.636743 293.54703 108.959661 
z
" style="fill:#cccccc;"/>
   </g>
   <g id="matplotlib.axis_3">
    <g id="xtick_6">
     <g id="line2d_8">
      <path clip-path="url(#pa8ed8bad2b)" d="M 288 124.2 
L 288 64.8 
" style="fill:none;stroke:#b0b0b0;stroke-linecap:square;stroke-width:0.8;"/>
     </g>
     <g id="text_9">
      <!-- $0$ -->
      <g transform="translate(286.08 52.455625)">
       <text>
        <tspan style="font-family:DejaVu Sans;font-size:6px;font-style:book;font-weight:book;" x="0" y="-0.546875">0</tspan>
       </text>
      </g>
     </g>
    </g>
    <g id="xtick_7">
     <g id="line2d_9">
      <path clip-path="url(#pa8ed8bad2b)" d="M 288 124.2 
L 228.6 124.2 
" style="fill:none;stroke:#b0b0b0;stroke-linecap:square;stroke-width:0.8;"/>
     </g>
     <g id="text_10">
      <!-- $\pi/2$ -->
      <g transform="translate(209.98 125.855625)">
       <text>
        <tspan style="font-family:DejaVu Sans;font-size:6px;font-style:oblique;font-weight:oblique;" x="0" y="-0.546875">π</tspan>
        <tspan style="font-family:DejaVu Sans;font-size:6px;font-style:book;font-weight:book;" x="3.612305 5.383789" y="-0.546875">/2</tspan>
       </text>
      </g>
     </g>
    </g>
    <g id="xtick_8">
     <g id="line2d_10">
      <path clip-path="url(#pa8ed8bad2b)" d="M 288 124.2 
L 288 183.6 
" style="fill:none;stroke:#b0b0b0;stroke-linecap:square;stroke-width:0.8;"/>
     </g>
     <g id="text_11">
      <!-- $\pi$ -->
      <g transform="translate(286.17 199.255625)">
       <text>
        <tspan style="font-family:DejaVu Sans;font-size:6px;font-style:oblique;font-weight:oblique;" x="0" y="-0.71875">π</tspan>
       </text>
      </g>
     </g>
    </g>
    <g id="xtick_9">
     <g id="line2d_11">
      <path clip-path="url(#pa8ed8bad2b)" d="M 288 124.2 
L 347.4 124.2 
" style="fill:none;stroke:#b0b0b0;stroke-linecap:square;stroke-width:0.8;"/>
     </g>
     <g id="text_12">
      <!-- $3\pi/2$ -->
      <g transform="translate(354.86 125.855625)">
       <text>
        <tspan style="font-family:DejaVu Sans;font-size:6px;font-style:book;font-weight:book;" x="0 7.429688 9.201172" y="-0.546875">3/2</tspan>
        <tspan style="font-family:DejaVu Sans;font-size:6px;font-style:oblique;font-weight:oblique;" x="3.817383" y="-0.546875">π</tspan>
       </text>
      </g>
     </g>
    </g>
    <g id="xtick_10">
     <g id="line2d_12">
      <path clip-path="url(#pa8ed8bad2b)" d="M 288 124.2 
L 288 64.8 
" style="fill:none;stroke:#b0b0b0;stroke-linecap:square;stroke-width:0.8;"/>
     </g>
     <g id="text_13">
      <!-- $0$ -->
      <g transform="translate(286.08 52.455625)">
       <text>
        <tspan style="font-family:DejaVu Sans;font-size:6px;font-style:book;font-weight:book;" x="0" y="-0.546875">0</tspan>
       </text>
      </g>
     </g>
    </g>
   </g>
   <g id="matplotlib.axis_4">
    <g id="ytick_3">
     <g id="line2d_13">
      <path clip-path="url(#pa8ed8bad2b)" d="M 288 124.2 
C 288 124.2 288 124.2 288 124.2 
C 288 124.2 288 124.2 288 124.2 
C 288 124.2 288 124.2 288 124.2 
C 288 124.2 288 124.2 288 124.2 
C 288 124.2 288 124.2 288 124.2 
C 288 124.2 288 124.2 288 124.2 
C 288 124.2 288 124.2 288 124.2 
C 288 124.2 288 124.2 288 124.2 
C 288 124.2 288 124.2 288 124.2 
C 288 124.2 288 124.2 288 124.2 
C 288 124.2 288 124.2 288 124.2 
C 288 124.2 288 124.2 288 124.2 
C 288 124.2 288 124.2 288 124.2 
C 288 124.2 288 124.2 288 124.2 
C 288 124.2 288 124.2 288 124.2 
C 288 124.2 288 124.2 288 124.2 
" style="fill:none;stroke:#b0b0b0;stroke-linecap:square;stroke-width:0.8;"/>
     </g>
     <g id="text_14">
      <text style="font-family:DejaVu Sans;font-size:6px;font-stretch:normal;font-style:normal;font-weight:normal;text-anchor:start;" transform="rotate(-0, 288, 122.952188)" x="288" y="122.952188">0.0</text>
     </g>
    </g>
    <g id="ytick_4">
     <g id="line2d_14">
      <path clip-path="url(#pa8ed8bad2b)" d="M 288 94.5 
C 284.099832 94.5 280.237588 95.268248 276.634302 96.760778 
C 273.031016 98.253308 269.756764 100.441093 266.998929 103.198929 
C 264.241093 105.956764 262.053308 109.231016 260.560778 112.834302 
C 259.068248 116.437588 258.3 120.299832 258.3 124.2 
C 258.3 128.100168 259.068248 131.962412 260.560778 135.565698 
C 262.053308 139.168984 264.241093 142.443236 266.998929 145.201071 
C 269.756764 147.958907 273.031016 150.146692 276.634302 151.639222 
C 280.237588 153.131752 284.099832 153.9 288 153.9 
C 291.900168 153.9 295.762412 153.131752 299.365698 151.639222 
C 302.968984 150.146692 306.243236 147.958907 309.001071 145.201071 
C 311.758907 142.443236 313.946692 139.168984 315.439222 135.565698 
C 316.931752 131.962412 317.7 128.100168 317.7 124.2 
C 317.7 120.299832 316.931752 116.437588 315.439222 112.834302 
C 313.946692 109.231016 311.758907 105.956764 309.001071 103.198929 
C 306.243236 100.441093 302.968984 98.253308 299.365698 96.760778 
C 295.762412 95.268248 291.900168 94.5 288 94.5 
" style="fill:none;stroke:#b0b0b0;stroke-linecap:square;stroke-width:0.8;"/>
     </g>
     <g id="text_15">
      <text style="font-family:DejaVu Sans;font-size:6px;font-stretch:normal;font-style:normal;font-weight:normal;text-anchor:start;" transform="rotate(-0, 276.634302, 95.512965)" x="276.634302" y="95.512965">0.1</text>
     </g>
    </g>
   </g>
   <g id="patch_41">
    <path d="M 288 64.8 
C 280.199663 64.8 272.475175 66.336496 265.268604 69.321556 
C 258.062033 72.306615 251.513528 76.682186 245.997857 82.197857 
C 240.482186 87.713528 236.106615 94.262033 233.121556 101.468604 
C 230.136496 108.675175 228.6 116.399663 228.6 124.2 
C 228.6 132.000337 230.136496 139.724825 233.121556 146.931396 
C 236.106615 154.137967 240.482186 160.686472 245.997857 166.202143 
C 251.513528 171.717814 258.062033 176.093385 265.268604 179.078444 
C 272.475175 182.063504 280.199663 183.6 288 183.6 
C 295.800337 183.6 303.524825 182.063504 310.731396 179.078444 
C 317.937967 176.093385 324.486472 171.717814 330.002143 166.202143 
C 335.517814 160.686472 339.893385 154.137967 342.878444 146.931396 
C 345.863504 139.724825 347.4 132.000337 347.4 124.2 
C 347.4 116.399663 345.863504 108.675175 342.878444 101.468604 
C 339.893385 94.262033 335.517814 87.713528 330.002143 82.197857 
C 324.486472 76.682186 317.937967 72.306615 310.731396 69.321556 
C 303.524825 66.336496 295.800337 64.8 288 64.8 
" style="fill:none;stroke:#000000;stroke-linecap:square;stroke-linejoin:miter;stroke-width:0.25;"/>
   </g>
   <g id="text_16">
    <text style="font-family:DejaVu Sans;font-size:6px;font-stretch:normal;font-style:normal;font-weight:normal;text-anchor:start;" transform="rotate(-0, 228.6, 41.896563)" x="228.6" y="41.896563">Lm, n=293 cells</text>
   </g>
  </g>
  <g id="axes_3">
   <g id="patch_42">
    <path d="M 153 124.2 
C 153 116.399663 151.463504 108.675175 148.478444 101.468604 
C 145.493385 94.262033 141.117814 87.713528 135.602143 82.197857 
C 130.086472 76.682186 123.537967 72.306615 116.331396 69.321556 
C 109.124825 66.336496 101.400337 64.8 93.6 64.8 
C 85.799663 64.8 78.075175 66.336496 70.868604 69.321556 
C 63.662033 72.306615 57.113528 76.682186 51.597857 82.197857 
C 46.082186 87.713528 41.706615 94.262033 38.721556 101.468604 
C 35.736496 108.675175 34.2 116.399663 34.2 124.2 
C 34.2 132.000337 35.736496 139.724825 38.721556 146.931396 
C 41.706615 154.137967 46.082186 160.686472 51.597857 166.202143 
C 57.113528 171.717814 63.662033 176.093385 70.868604 179.078444 
C 78.075175 182.063504 85.799663 183.6 93.6 183.6 
C 101.400337 183.6 109.124825 182.063504 116.331396 179.078444 
C 123.537967 176.093385 130.086472 171.717814 135.602143 166.202143 
C 141.117814 160.686472 145.493385 154.137967 148.478444 146.931396 
C 151.463504 139.724825 153 132.000337 153 124.2 
M 93.6 124.2 
C 93.6 124.2 93.6 124.2 93.6 124.2 
C 93.6 124.2 93.6 124.2 93.6 124.2 
C 93.6 124.2 93.6 124.2 93.6 124.2 
C 93.6 124.2 93.6 124.2 93.6 124.2 
C 93.6 124.2 93.6 124.2 93.6 124.2 
C 93.6 124.2 93.6 124.2 93.6 124.2 
C 93.6 124.2 93.6 124.2 93.6 124.2 
C 93.6 124.2 93.6 124.2 93.6 124.2 
C 93.6 124.2 93.6 124.2 93.6 124.2 
C 93.6 124.2 93.6 124.2 93.6 124.2 
C 93.6 124.2 93.6 124.2 93.6 124.2 
C 93.6 124.2 93.6 124.2 93.6 124.2 
C 93.6 124.2 93.6 124.2 93.6 124.2 
C 93.6 124.2 93.6 124.2 93.6 124.2 
C 93.6 124.2 93.6 124.2 93.6 124.2 
C 93.6 124.2 93.6 124.2 93.6 124.2 
M 153 124.2 
z
" style="fill:#ffffff;"/>
   </g>
   <g id="patch_43">
    <path clip-path="url(#p87649814fd)" d="M 93.6 124.2 
C 93.6 124.2 93.6 124.2 93.6 124.2 
C 93.6 124.2 93.6 124.2 93.6 124.2 
L 87.046453 106.194277 
C 88.094648 105.812765 89.174158 105.523511 90.272677 105.329813 
C 91.371196 105.136114 92.484534 105.03871 93.6 105.03871 
z
" style="fill:#cccccc;"/>
   </g>
   <g id="patch_44">
    <path clip-path="url(#p87649814fd)" d="M 93.6 124.2 
C 93.6 124.2 93.6 124.2 93.6 124.2 
C 93.6 124.2 93.6 124.2 93.6 124.2 
L 82.962902 111.5232 
C 83.700876 110.903966 84.491515 110.350355 85.325806 109.868676 
C 86.160098 109.386998 87.034859 108.97909 87.940118 108.649603 
z
" style="fill:#cccccc;"/>
   </g>
   <g id="patch_45">
    <path clip-path="url(#p87649814fd)" d="M 93.6 124.2 
C 93.6 124.2 93.6 124.2 93.6 124.2 
C 93.6 124.2 93.6 124.2 93.6 124.2 
L 83.040077 118.103226 
C 83.394998 117.488485 83.802923 116.905909 84.2592 116.362138 
C 84.715478 115.818368 85.218368 115.315478 85.762138 114.8592 
z
" style="fill:#cccccc;"/>
   </g>
   <g id="patch_46">
    <path clip-path="url(#p87649814fd)" d="M 93.6 124.2 
C 93.6 124.2 93.6 124.2 93.6 124.2 
C 93.6 124.2 93.6 124.2 93.6 124.2 
L 82.449435 122.233855 
C 82.563893 121.58473 82.734816 120.946837 82.960255 120.327449 
C 83.185693 119.708061 83.464788 119.109541 83.794358 118.53871 
z
" style="fill:#cccccc;"/>
   </g>
   <g id="patch_47">
    <path clip-path="url(#p87649814fd)" d="M 93.6 124.2 
C 93.6 124.2 93.6 124.2 93.6 124.2 
C 93.6 124.2 93.6 124.2 93.6 124.2 
L 36.131702 134.333211 
C 35.541802 130.987721 35.245161 127.5971 35.245161 124.2 
C 35.245161 120.8029 35.541802 117.412279 36.131702 114.066789 
z
" style="fill:#cccccc;"/>
   </g>
   <g id="patch_48">
    <path clip-path="url(#p87649814fd)" d="M 93.6 124.2 
C 93.6 124.2 93.6 124.2 93.6 124.2 
C 93.6 124.2 93.6 124.2 93.6 124.2 
L 87.565758 127.683871 
C 87.362947 127.33259 87.191196 126.96427 87.052464 126.583108 
C 86.913733 126.201946 86.80855 125.809397 86.738114 125.409936 
z
" style="fill:#cccccc;"/>
   </g>
   <g id="patch_49">
    <path clip-path="url(#p87649814fd)" d="M 93.6 124.2 
C 93.6 124.2 93.6 124.2 93.6 124.2 
C 93.6 124.2 93.6 124.2 93.6 124.2 
L 82.403055 137.544 
C 81.62624 136.892175 80.907825 136.17376 80.256 135.396945 
C 79.604175 134.620131 79.021426 133.787879 78.514396 132.909677 
z
" style="fill:#cccccc;"/>
   </g>
   <g id="patch_50">
    <path clip-path="url(#p87649814fd)" d="M 93.6 124.2 
C 93.6 124.2 93.6 124.2 93.6 124.2 
C 93.6 124.2 93.6 124.2 93.6 124.2 
L 92.408446 127.473768 
C 92.217865 127.404402 92.033705 127.318527 91.858065 127.217121 
C 91.682424 127.115715 91.515974 126.999165 91.360611 126.8688 
z
" style="fill:#cccccc;"/>
   </g>
   <g id="patch_51">
    <path clip-path="url(#p87649814fd)" d="M 93.6 124.2 
C 93.6 124.2 93.6 124.2 93.6 124.2 
C 93.6 124.2 93.6 124.2 93.6 124.2 
L 93.6 136.393548 
C 92.890158 136.393548 92.18167 136.331564 91.482613 136.208301 
C 90.783555 136.085038 90.096594 135.900968 89.429561 135.658187 
z
" style="fill:#cccccc;"/>
   </g>
   <g id="patch_52">
    <path clip-path="url(#p87649814fd)" d="M 93.6 124.2 
C 93.6 124.2 93.6 124.2 93.6 124.2 
C 93.6 124.2 93.6 124.2 93.6 124.2 
L 98.068328 136.476629 
C 97.353649 136.736751 96.61762 136.93397 95.868629 137.066037 
C 95.119639 137.198104 94.360545 137.264516 93.6 137.264516 
z
" style="fill:#cccccc;"/>
   </g>
   <g id="patch_53">
    <path clip-path="url(#p87649814fd)" d="M 93.6 124.2 
C 93.6 124.2 93.6 124.2 93.6 124.2 
C 93.6 124.2 93.6 124.2 93.6 124.2 
L 98.078778 129.5376 
C 97.768052 129.79833 97.435152 130.03143 97.083871 130.234242 
C 96.73259 130.437053 96.36427 130.608804 95.983108 130.747536 
z
" style="fill:#cccccc;"/>
   </g>
   <g id="patch_54">
    <path clip-path="url(#p87649814fd)" d="M 93.6 124.2 
C 93.6 124.2 93.6 124.2 93.6 124.2 
C 93.6 124.2 93.6 124.2 93.6 124.2 
L 111.702725 134.651613 
C 111.094289 135.705455 110.39499 136.704157 109.6128 137.636335 
C 108.83061 138.568512 107.968512 139.43061 107.036335 140.2128 
z
" style="fill:#cccccc;"/>
   </g>
   <g id="patch_55">
    <path clip-path="url(#p87649814fd)" d="M 93.6 124.2 
C 93.6 124.2 93.6 124.2 93.6 124.2 
C 93.6 124.2 93.6 124.2 93.6 124.2 
L 108.181508 126.771113 
C 108.031832 127.619969 107.808318 128.454136 107.513513 129.264105 
C 107.218709 130.074073 106.853739 130.856755 106.422763 131.603226 
z
" style="fill:#cccccc;"/>
   </g>
   <g id="patch_56">
    <path clip-path="url(#p87649814fd)" d="M 93.6 124.2 
C 93.6 124.2 93.6 124.2 93.6 124.2 
C 93.6 124.2 93.6 124.2 93.6 124.2 
L 143.348676 115.427966 
C 143.859335 118.324062 144.116129 121.259227 144.116129 124.2 
C 144.116129 127.140773 143.859335 130.075938 143.348676 132.972034 
z
" style="fill:#cccccc;"/>
   </g>
   <g id="patch_57">
    <path clip-path="url(#p87649814fd)" d="M 93.6 124.2 
C 93.6 124.2 93.6 124.2 93.6 124.2 
C 93.6 124.2 93.6 124.2 93.6 124.2 
L 98.125681 121.587097 
C 98.27779 121.850557 98.406603 122.126798 98.510652 122.412669 
C 98.6147 122.69854 98.693588 122.992952 98.746415 123.292548 
z
" style="fill:#cccccc;"/>
   </g>
   <g id="patch_58">
    <path clip-path="url(#p87649814fd)" d="M 93.6 124.2 
C 93.6 124.2 93.6 124.2 93.6 124.2 
C 93.6 124.2 93.6 124.2 93.6 124.2 
L 104.237098 111.5232 
C 104.975072 112.142434 105.657566 112.824928 106.2768 113.562902 
C 106.896034 114.300876 107.449645 115.091515 107.931324 115.925806 
z
" style="fill:#cccccc;"/>
   </g>
   <g id="patch_59">
    <path clip-path="url(#p87649814fd)" d="M 93.6 124.2 
C 93.6 124.2 93.6 124.2 93.6 124.2 
C 93.6 124.2 93.6 124.2 93.6 124.2 
L 94.493666 121.744674 
C 94.636601 121.796698 94.774721 121.861105 94.906452 121.937159 
C 95.038182 122.013214 95.16302 122.100626 95.279542 122.1984 
z
" style="fill:#cccccc;"/>
   </g>
   <g id="patch_60">
    <path clip-path="url(#p87649814fd)" d="M 93.6 124.2 
C 93.6 124.2 93.6 124.2 93.6 124.2 
C 93.6 124.2 93.6 124.2 93.6 124.2 
L 93.6 115.490323 
C 94.10703 115.490323 94.613093 115.534597 95.11242 115.622642 
C 95.611747 115.710687 96.102433 115.842166 96.578885 116.01558 
z
" style="fill:#cccccc;"/>
   </g>
   <g id="matplotlib.axis_5">
    <g id="xtick_11">
     <g id="line2d_15">
      <path clip-path="url(#p87649814fd)" d="M 93.6 124.2 
L 93.6 64.8 
" style="fill:none;stroke:#b0b0b0;stroke-linecap:square;stroke-width:0.8;"/>
     </g>
     <g id="text_17">
      <!-- $0$ -->
      <g transform="translate(91.68 52.455625)">
       <text>
        <tspan style="font-family:DejaVu Sans;font-size:6px;font-style:book;font-weight:book;" x="0" y="-0.546875">0</tspan>
       </text>
      </g>
     </g>
    </g>
    <g id="xtick_12">
     <g id="line2d_16">
      <path clip-path="url(#p87649814fd)" d="M 93.6 124.2 
L 34.2 124.2 
" style="fill:none;stroke:#b0b0b0;stroke-linecap:square;stroke-width:0.8;"/>
     </g>
     <g id="text_18">
      <!-- $\pi/2$ -->
      <g transform="translate(15.58 125.855625)">
       <text>
        <tspan style="font-family:DejaVu Sans;font-size:6px;font-style:oblique;font-weight:oblique;" x="0" y="-0.546875">π</tspan>
        <tspan style="font-family:DejaVu Sans;font-size:6px;font-style:book;font-weight:book;" x="3.612305 5.383789" y="-0.546875">/2</tspan>
       </text>
      </g>
     </g>
    </g>
    <g id="xtick_13">
     <g id="line2d_17">
      <path clip-path="url(#p87649814fd)" d="M 93.6 124.2 
L 93.6 183.6 
" style="fill:none;stroke:#b0b0b0;stroke-linecap:square;stroke-width:0.8;"/>
     </g>
     <g id="text_19">
      <!-- $\pi$ -->
      <g transform="translate(91.77 199.255625)">
       <text>
        <tspan style="font-family:DejaVu Sans;font-size:6px;font-style:oblique;font-weight:oblique;" x="0" y="-0.71875">π</tspan>
       </text>
      </g>
     </g>
    </g>
    <g id="xtick_14">
     <g id="line2d_18">
      <path clip-path="url(#p87649814fd)" d="M 93.6 124.2 
L 153 124.2 
" style="fill:none;stroke:#b0b0b0;stroke-linecap:square;stroke-width:0.8;"/>
     </g>
     <g id="text_20">
      <!-- $3\pi/2$ -->
      <g transform="translate(160.46 125.855625)">
